 29
 32
 37
 38
 41
 67
 74
 81
 82
 96
 104
 108
 115
 124
 150
 152
 168
 171
 174
 178
 183
 191
 198
 224
 238
 241
 243
 247
 247
 261
 296
 304
 316
 343
 343
 361
 381
 383
 398
 409
 412
 429
 430
 440
 462
 470
 471
 477
 495
 497
 508
 527
 542
 546
 555
 558
 568
 570
 587
 606
 621
 639
 644
 663
 671
 672
 683
 692
 711
 714
 725
 742
 750
 763
 768
 773
 786
 790
 809
 856
 863
 870
 876
 887
 907
 918
 927
 933
 934
 942
 944
 952
 954
 954
 955
 964
 981
 985
 1001
 1009
 1012
 1019
 1031
 1050
 1064
 1068
 1071
 1074
 1075
 1084
 1091
 1093
 1095
 1108
 1112
 1143
 1151
 1160
 1164
 1173
 1195
 1199
 1200
 1218
 1220
 1228
 1244
 1247
 1252
 1258
 1269
 1287
 1297
 1305
 1327
 1327
 1334
 1348
 1353
 1365
 1372
 1382
 1401
 1418
 1418
 1425
 1439
 1449
 1463
 1468
 1502
 1533
 1533
 1535
 1537
 1539
 1548
 1559
 1567
 1572
 1578
 1587
 1595
 1601
 1616
 1621
 1638
 1640
 1655
 1670
 1672
 1677
 1687
 1688
 1693
 1697
 1730
 1750
 1760
 1768
 1773
 1799
 1804
 1841
 1844
 1850
 1863
 1869
 1873
 1885
 1892
 1893
 1906
 1922
 1923
 1939
 1962
 1963
 1981
 1985
 1993
 2009
 2016
 2016
 2018
 2037
 2049
 2053
 2053
 2073
 2082
 2110
 2126
 2127
 2132
 2153
 2163
 2236
 2255
 2292
 2293
 2307
 2322
 2325
 2350
 2366
 2377
 2384
 2407
 2415
 2419
 2436
 2463
 2476
 2486
 2511
 2527
 2532
 2546
 2552
 2557
 2580
 2583
 2587
 2593
 2597
 2598
 2612
 2620
 2631
 2634
 2655
 2657
 2665
 2704
 2707
 2710
 2715
 2722
 2730
 2733
 2734
 2755
 2782
 2784
 2804
 2835
 2859
 2862
 2866
 2873
 2882
 2885
 2885
 2888
 2888
 2894
 2900
 2904
 2928
 2940
 2942
 2955
 2956
 2966
 2969
 3005
 3014
 3020
 3041
 3045
 3057
 3075
 3075
 3093
 3103
 3121
 3136
 3139
 3145
 3163
 3176
 3177
 3207
 3218
 3226
 3235
 3235
 3239
 3253
 3269
 3270
 3273
 3275
 3302
 3311
 3314
 3338
 3339
 3367
 3391
 3392
 3405
 3408
 3425
 3432
 3432
 3438
 3446
 3448
 3450
 3456
 3462
 3477
 3478
 3499
 3504
 3512
 3519
 3535
 3542
 3546
 3547
 3551
 3551
 3575
 3617
 3628
 3629
 3638
 3652
 3685
 3701
 3717
 3721
 3728
 3728
 3729
 3730
 3733
 3739
 3752
 3772
 3799
 3801
 3846
 3865
 3903
 3903
 3905
 3915
 3930
 3934
 3939
 3957
 3964
 3966
 3967
 3976
 3976
 3983
 3994
 4003
 4013
 4020
 4066
 4068
 4094
 4097
 4111
 4116
 4152
 4162
 4169
 4174
 4176
 4186
 4202
 4235
 4251
 4267
 4270
 4278
 4280
 4291
 4294
 4296
 4330
 4352
 4376
 4384
 4386
 4416
 4442
 4457
 4464
 4472
 4483
 4497
 4503
 4506
 4525
 4528
 4552
 4561
 4569
 4575
 4584
 4597
 4607
 4616
 4621
 4627
 4639
 4653
 4679
 4682
 4682
 4684
 4691
 4692
 4717
 4718
 4751
 4768
 4776
 4784
 4785
 4794
 4808
 4812
 4823
 4836
 4848
 4866
 4889
 4913
 4923
 4950
 4950
 4961
 4968
 4986
 4994
 5005
 5052
 5061
 5092
 5095
 5098
 5101
 5115
 5131
 5134
 5135
 5148
 5153
 5156
 5158
 5168
 5169
 5171
 5173
 5184
 5184
 5188
 5195
 5195
 5197
 5200
 5204
 5205
 5209
 5211
 5258
 5262
 5273
 5277
 5281
 5293
 5295
 5296
 5319
 5322
 5336
 5349
 5401
 5414
 5415
 5430
 5442
 5447
 5473
 5487
 5511
 5517
 5524
 5524
 5528
 5534
 5537
 5537
 5541
 5556
 5571
 5574
 5580
 5587
 5595
 5608
 5617
 5619
 5619
 5627
 5627
 5631
 5645
 5649
 5652
 5652
 5670
 5677
 5677
 5701
 5704
 5717
 5717
 5763
 5765
 5774
 5783
 5809
 5818
 5822
 5834
 5851
 5853
 5858
 5866
 5869
 5873
 5874
 5877
 5886
 5894
 5900
 5902
 5904
 5909
 5913
 5913
 5920
 5921
 5934
 5948
 5962
 5966
 5979
 5991
 5992
 6029
 6035
 6035
 6035
 6036
 6048
 6052
 6065
 6066
 6084
 6129
 6137
 6154
 6155
 6156
 6158
 6177
 6193
 6217
 6231
 6246
 6252
 6277
 6300
 6305
 6313
 6333
 6333
 6348
 6361
 6362
 6373
 6390
 6395
 6432
 6439
 6443
 6452
 6471
 6482
 6491
 6492
 6494
 6498
 6499
 6500
 6512
 6515
 6524
 6524
 6526
 6527
 6528
 6543
 6589
 6597
 6603
 6606
 6614
 6651
 6694
 6698
 6702
 6707
 6709
 6710
 6725
 6741
 6743
 6743
 6751
 6792
 6803
 6808
 6813
 6815
 6829
 6831
 6839
 6840
 6841
 6846
 6854
 6859
 6878
 6881
 6884
 6885
 6909
 6914
 6949
 6952
 6973
 6985
 6993
 6995
 7024
 7027
 7044
 7052
 7063
 7063
 7075
 7080
 7083
 7085
 7092
 7093
 7102
 7108
 7117
 7125
 7127
 7134
 7186
 7196
 7197
 7203
 7209
 7215
 7227
 7234
 7236
 7257
 7274
 7281
 7283
 7283
 7284
 7288
 7303
 7307
 7320
 7343
 7360
 7360
 7408
 7408
 7412
 7434
 7450
 7453
 7454
 7477
 7485
 7506
 7507
 7516
 7516
 7567
 7581
 7610
 7620
 7621
 7636
 7648
 7653
 7673
 7675
 7680
 7685
 7695
 7699
 7703
 7705
 7710
 7715
 7735
 7740
 7746
 7754
 7755
 7773
 7785
 7798
 7821
 7823
 7827
 7829
 7837
 7838
 7840
 7840
 7851
 7870
 7902
 7914
 7918
 7934
 7946
 7957
 7957
 7961
 7971
 7977
 7978
 7988
 7999
 8002
 8011
 8020
 8022
 8049
 8052
 8053
 8054
 8059
 8075
 8079
 8088
 8089
 8098
 8099
 8108
 8119
 8122
 8123
 8133
 8143
 8144
 8145
 8156
 8161
 8190
 8201
 8202
 8206
 8268
 8275
 8275
 8278
 8294
 8294
 8297
 8304
 8310
 8316
 8318
 8324
 8333
 8335
 8361
 8366
 8376
 8379
 8397
 8400
 8412
 8414
 8416
 8420
 8429
 8430
 8441
 8462
 8468
 8469
 8480
 8481
 8482
 8485
 8502
 8509
 8513
 8526
 8526
 8546
 8552
 8554
 8572
 8574
 8575
 8582
 8585
 8607
 8616
 8617
 8622
 8629
 8641
 8648
 8667
 8674
 8678
 8679
 8708
 8715
 8723
 8724
 8758
 8785
 8794
 8795
 8802
 8819
 8821
 8836
 8901
 8907
 8908
 8917
 8927
 8932
 8933
 8936
 8937
 8939
 8953
 8958
 8993
 8997
 9022
 9025
 9034
 9034
 9036
 9038
 9038
 9039
 9045
 9047
 9048
 9054
 9056
 9059
 9063
 9064
 9068
 9085
 9088
 9090
 9105
 9107
 9116
 9117
 9141
 9142
 9174
 9183
 9188
 9189
 9191
 9195
 9197
 9205
 9212
 9233
 9254
 9256
 9269
 9280
 9286
 9293
 9307
 9320
 9330
 9331
 9332
 9356
 9374
 9381
 9394
 9396
 9396
 9406
 9425
 9425
 9436
 9437
 9439
 9440
 9446
 9459
 9479
 9486
 9498
 9505
 9510
 9520
 9524
 9533
 9533
 9548
 9551
 9558
 9558
 9575
 9578
 9644
 9651
 9657
 9658
 9660
 9667
 9671
 9675
 9679
 9685
 9685
 9690
 9716
 9726
 9750
 9772
 9775
 9776
 9780
 9792
 9803
 9804
 9808
 9816
 9823
 9831
 9839
 9849
 9854
 9861
 9868
 9886
 9902
 9913
 9918
 9920
 9921
 9931
 9957
 9958
 9962
 9974
 9998
 10002
 10009
 10030
 10039
 10044
 10064
 10065
 10081
 10085
 10085
 10092
 10096
 10102
 10102
 10107
 10112
 10113
 10121
 10135
 10135
 10145
 10154
 10155
 10199
 10207
 10216
 10224
 10226
 10237
 10238
 10270
 10283
 10292
 10311
 10317
 10323
 10325
 10338
 10342
 10374
 10377
 10381
 10386
 10416
 10433
 10437
 10440
 10441
 10459
 10461
 10462
 10462
 10470
 10471
 10472
 10476
 10487
 10487
 10504
 10514
 10524
 10534
 10536
 10546
 10548
 10576
 10577
 10582
 10584
 10593
 10604
 10604
 10608
 10620
 10623
 10627
 10667
 10741
 10745
 10757
 10765
 10775
 10782
 10795
 10797
 10881
 10905
 10913
 10929
 10934
 10972
 10979
 10988
 10991
 11005
 11017
 11018
 11020
 11023
 11033
 11046
 11049
 11075
 11078
 11086
 11106
 11111
 11132
 11135
 11146
 11153
 11158
 11160
 11170
 11177
 11196
 11211
 11231
 11252
 11254
 11275
 11279
 11286
 11289
 11290
 11295
 11305
 11311
 11320
 11338
 11350
 11361
 11374
 11388
 11393
 11400
 11406
 11408
 11414
 11435
 11439
 11452
 11465
 11465
 11466
 11477
 11480
 11481
 11490
 11491
 11502
 11504
 11507
 11508
 11521
 11522
 11533
 11536
 11546
 11549
 11551
 11551
 11551
 11556
 11556
 11558
 11562
 11585
 11605
 11607
 11609
 11613
 11619
 11626
 11644
 11649
 11655
 11664
 11668
 11677
 11685
 11685
 11690
 11691
 11692
 11698
 11717
 11718
 11722
 11725
 11726
 11736
 11743
 11750
 11761
 11787
 11794
 11807
 11827
 11828
 11833
 11845
 11848
 11851
 11883
 11890
 11890
 11897
 11900
 11902
 11904
 11923
 11938
 11942
 11953
 11977
 11980
 11983
 11987
 11989
 11990
 12003
 12014
 12016
 12026
 12034
 12035
 12054
 12061
 12078
 12112
 12112
 12118
 12135
 12160
 12162
 12205
 12223
 12251
 12258
 12263
 12266
 12269
 12285
 12291
 12299
 12313
 12315
 12320
 12336
 12361
 12381
 12404
 12418
 12428
 12433
 12438
 12454
 12462
 12464
 12465
 12473
 12478
 12480
 12491
 12496
 12532
 12536
 12561
 12580
 12603
 12612
 12617
 12633
 12704
 12704
 12717
 12727
 12734
 12742
 12751
 12761
 12772
 12805
 12808
 12818
 12818
 12834
 12843
 12871
 12892
 12893
 12901
 12903
 12917
 12951
 12952
 12957
 12960
 12971
 12982
 12988
 12999
 13009
 13011
 13016
 13027
 13054
 13059
 13076
 13077
 13077
 13079
 13080
 13082
 13086
 13090
 13122
 13143
 13150
 13153
 13154
 13180
 13202
 13209
 13231
 13258
 13275
 13276
 13278
 13281
 13300
 13306
 13312
 13358
 13361
 13370
 13372
 13373
 13373
 13377
 13377
 13402
 13424
 13424
 13431
 13435
 13438
 13446
 13447
 13449
 13457
 13480
 13491
 13491
 13493
 13501
 13513
 13530
 13533
 13541
 13547
 13554
 13564
 13565
 13578
 13580
 13597
 13606
 13607
 13609
 13612
 13613
 13617
 13627
 13627
 13661
 13732
 13771
 13773
 13779
 13791
 13822
 13833
 13853
 13857
 13876
 13893
 13900
 13901
 13909
 13917
 13926
 13929
 13940
 13941
 13959
 13966
 13979
 13986
 13997
 14000
 14003
 14020
 14036
 14038
 14057
 14074
 14076
 14078
 14084
 14104
 14107
 14108
 14110
 14120
 14132
 14150
 14160
 14167
 14173
 14193
 14201
 14208
 14215
 14215
 14218
 14228
 14244
 14262
 14271
 14279
 14312
 14313
 14317
 14329
 14339
 14365
 14365
 14375
 14396
 14398
 14405
 14408
 14428
 14429
 14432
 14439
 14440
 14445
 14446
 14457
 14464
 14464
 14488
 14490
 14496
 14496
 14502
 14508
 14510
 14511
 14515
 14517
 14520
 14540
 14546
 14566
 14573
 14579
 14587
 14592
 14593
 14595
 14604
 14625
 14627
 14640
 14644
 14653
 14665
 14666
 14666
 14675
 14686
 14689
 14694
 14696
 14696
 14701
 14705
 14719
 14733
 14745
 14756
 14759
 14762
 14765
 14766
 14768
 14781
 14783
 14792
 14801
 14806
 14810
 14816
 14827
 14835
 14841
 14854
 14870
 14873
 14878
 14883
 14884
 14889
 14902
 14906
 14909
 14922
 14928
 14937
 14938
 14944
 14963
 14964
 14979
 14984
 14989
 15015
 15029
 15032
 15040
 15057
 15090
 15099
 15109
 15115
 15131
 15137
 15139
 15153
 15159
 15164
 15169
 15174
 15185
 15187
 15189
 15191
 15203
 15209
 15229
 15234
 15236
 15240
 15240
 15248
 15252
 15253
 15254
 15256
 15267
 15285
 15285
 15287
 15294
 15298
 15299
 15308
 15320
 15321
 15327
 15348
 15350
 15358
 15380
 15421
 15433
 15435
 15438
 15458
 15486
 15487
 15490
 15491
 15511
 15532
 15536
 15539
 15541
 15547
 15554
 15564
 15565
 15568
 15572
 15573
 15589
 15593
 15615
 15621
 15622
 15625
 15634
 15637
 15662
 15665
 15672
 15685
 15695
 15705
 15713
 15718
 15729
 15742
 15761
 15779
 15787
 15811
 15814
 15814
 15820
 15852
 15860
 15874
 15890
 15902
 15909
 15910
 15911
 15917
 15918
 15928
 15934
 15943
 15944
 15949
 15968
 15970
 15973
 15973
 15986
 15991
 16000
 16005
 16020
 16023
 16026
 16033
 16064
 16075
 16075
 16090
 16099
 16116
 16130
 16148
 16154
 16157
 16166
 16174
 16199
 16219
 16222
 16223
 16225
 16238
 16250
 16250
 16263
 16265
 16272
 16272
 16274
 16277
 16277
 16285
 16304
 16327
 16363
 16368
 16368
 16392
 16404
 16414
 16446
 16453
 16462
 16475
 16493
 16498
 16499
 16504
 16508
 16527
 16543
 16550
 16567
 16581
 16586
 16588
 16591
 16620
 16625
 16644
 16644
 16677
 16690
 16694
 16694
 16707
 16713
 16728
 16746
 16752
 16761
 16771
 16775
 16780
 16797
 16824
 16844
 16845
 16867
 16876
 16877
 16878
 16883
 16887
 16912
 16914
 16940
 16945
 16958
 16975
 16996
 17006
 17006
 17009
 17012
 17019
 17021
 17059
 17089
 17098
 17112
 17120
 17124
 17129
 17134
 17149
 17155
 17176
 17190
 17193
 17198
 17201
 17203
 17219
 17245
 17250
 17254
 17268
 17280
 17284
 17316
 17322
 17328
 17329
 17348
 17358
 17363
 17386
 17406
 17409
 17425
 17443
 17453
 17461
 17467
 17473
 17477
 17496
 17499
 17503
 17504
 17512
 17516
 17520
 17529
 17529
 17533
 17547
 17551
 17556
 17587
 17589
 17599
 17610
 17614
 17618
 17630
 17673
 17681
 17694
 17699
 17701
 17705
 17706
 17722
 17724
 17727
 17744
 17745
 17768
 17772
 17773
 17779
 17785
 17787
 17789
 17807
 17818
 17829
 17857
 17864
 17864
 17868
 17868
 17895
 17902
 17902
 17907
 17920
 17920
 17923
 17952
 17960
 17966
 17972
 17975
 17975
 17983
 17991
 17996
 18026
 18035
 18040
 18043
 18052
 18052
 18053
 18057
 18076
 18077
 18085
 18109
 18112
 18113
 18116
 18138
 18161
 18171
 18173
 18175
 18179
 18180
 18210
 18214
 18219
 18222
 18223
 18243
 18260
 18275
 18344
 18363
 18368
 18373
 18393
 18403
 18417
 18423
 18427
 18429
 18462
 18469
 18502
 18503
 18508
 18508
 18513
 18517
 18536
 18541
 18554
 18557
 18561
 18571
 18572
 18573
 18573
 18574
 18575
 18584
 18595
 18623
 18642
 18650
 18663
 18672
 18681
 18690
 18700
 18703
 18719
 18732
 18738
 18744
 18753
 18759
 18775
 18784
 18813
 18814
 18820
 18821
 18846
 18876
 18881
 18901
 18907
 18915
 18937
 18942
 18958
 18963
 18970
 18977
 18978
 18988
 18989
 18998
 19035
 19037
 19052
 19063
 19073
 19079
 19085
 19118
 19130
 19151
 19155
 19168
 19170
 19175
 19191
 19212
 19232
 19243
 19251
 19251
 19254
 19274
 19284
 19330
 19340
 19342
 19376
 19401
 19423
 19433
 19436
 19437
 19438
 19460
 19475
 19476
 19478
 19479
 19485
 19492
 19495
 19511
 19516
 19530
 19550
 19562
 19572
 19575
 19579
 19585
 19603
 19606
 19615
 19695
 19724
 19746
 19782
 19783
 19790
 19802
 19820
 19836
 19863
 19865
 19886
 19897
 19911
 19945
 19960
 20004
 20011
 20026
 20027
 20048
 20050
 20058
 20073
 20077
 20085
 20103
 20106
 20130
 20139
 20145
 20152
 20174
 20175
 20190
 20192
 20194
 20208
 20212
 20213
 20218
 20227
 20229
 20230
 20235
 20238
 20252
 20260
 20265
 20267
 20288
 20302
 20303
 20320
 20349
 20352
 20374
 20379
 20382
 20389
 20392
 20399
 20410
 20411
 20442
 20453
 20470
 20478
 20489
 20508
 20511
 20518
 20524
 20534
 20556
 20562
 20568
 20569
 20592
 20592
 20595
 20600
 20661
 20664
 20682
 20686
 20691
 20696
 20697
 20699
 20706
 20706
 20735
 20735
 20738
 20738
 20738
 20740
 20748
 20757
 20771
 20784
 20787
 20788
 20790
 20797
 20798
 20817
 20843
 20849
 20855
 20861
 20864
 20872
 20874
 20876
 20876
 20887
 20888
 20891
 20899
 20901
 20918
 20965
 20977
 20978
 20990
 20993
 21010
 21063
 21069
 21070
 21071
 21074
 21074
 21087
 21109
 21109
 21113
 21159
 21173
 21186
 21203
 21237
 21252
 21268
 21273
 21282
 21294
 21323
 21332
 21338
 21339
 21347
 21366
 21371
 21376
 21384
 21393
 21408
 21410
 21411
 21414
 21417
 21423
 21428
 21432
 21443
 21454
 21462
 21465
 21475
 21479
 21482
 21488
 21491
 21530
 21538
 21541
 21552
 21552
 21563
 21574
 21602
 21602
 21603
 21621
 21624
 21626
 21629
 21636
 21649
 21651
 21655
 21666
 21691
 21715
 21717
 21722
 21749
 21750
 21784
 21817
 21830
 21836
 21849
 21860
 21860
 21868
 21890
 21894
 21896
 21907
 21917
 21925
 21933
 21949
 21951
 21955
 21964
 21965
 21970
 21974
 21975
 21983
 21987
 22007
 22019
 22022
 22035
 22036
 22042
 22042
 22049
 22049
 22053
 22071
 22080
 22089
 22095
 22099
 22099
 22119
 22125
 22136
 22162
 22174
 22201
 22204
 22221
 22229
 22253
 22262
 22264
 22291
 22304
 22308
 22320
 22321
 22345
 22362
 22362
 22367
 22383
 22389
 22397
 22411
 22413
 22443
 22447
 22450
 22456
 22495
 22506
 22515
 22521
 22523
 22523
 22533
 22538
 22543
 22544
 22557
 22584
 22630
 22645
 22648
 22664
 22666
 22679
 22682
 22685
 22696
 22701
 22728
 22759
 22768
 22769
 22785
 22801
 22812
 22824
 22831
 22836
 22838
 22848
 22872
 22876
 22879
 22887
 22889
 22892
 22920
 22930
 22944
 22956
 23000
 23015
 23026
 23034
 23045
 23057
 23057
 23065
 23073
 23082
 23089
 23104
 23111
 23147
 23174
 23176
 23190
 23196
 23201
 23203
 23223
 23248
 23260
 23271
 23285
 23290
 23317
 23319
 23337
 23337
 23338
 23339
 23342
 23349
 23356
 23361
 23361
 23410
 23423
 23433
 23446
 23447
 23452
 23468
 23537
 23544
 23555
 23559
 23563
 23586
 23587
 23587
 23588
 23607
 23614
 23642
 23655
 23662
 23671
 23692
 23693
 23745
 23753
 23755
 23772
 23800
 23807
 23810
 23843
 23865
 23866
 23868
 23871
 23883
 23884
 23917
 23925
 23937
 23937
 23943
 23945
 23965
 23986
 23989
 23999
 24010
 24049
 24054
 24058
 24064
 24070
 24078
 24100
 24125
 24132
 24136
 24142
 24144
 24155
 24156
 24166
 24181
 24197
 24203
 24213
 24224
 24230
 24237
 24242
 24251
 24296
 24302
 24306
 24307
 24311
 24315
 24335
 24336
 24338
 24344
 24347
 24359
 24361
 24371
 24373
 24378
 24378
 24395
 24399
 24411
 24419
 24425
 24440
 24457
 24471
 24482
 24484
 24491
 24492
 24495
 24496
 24502
 24506
 24514
 24539
 24539
 24542
 24546
 24552
 24554
 24558
 24559
 24574
 24587
 24596
 24597
 24598
 24615
 24621
 24623
 24636
 24641
 24658
 24690
 24694
 24709
 24710
 24714
 24728
 24729
 24747
 24760
 24761
 24766
 24767
 24786
 24788
 24796
 24823
 24846
 24869
 24878
 24878
 24893
 24922
 24924
 24937
 24939
 24943
 24965
 24977
 24982
 24988
 25006
 25032
 25060
 25060
 25066
 25069
 25113
 25127
 25129
 25147
 25153
 25185
 25213
 25221
 25235
 25250
 25253
 25271
 25272
 25285
 25286
 25335
 25350
 25361
 25361
 25364
 25376
 25383
 25383
 25389
 25392
 25442
 25448
 25451
 25460
 25463
 25486
 25527
 25530
 25536
 25539
 25540
 25541
 25548
 25589
 25596
 25611
 25614
 25617
 25620
 25625
 25633
 25664
 25672
 25722
 25731
 25734
 25751
 25760
 25761
 25782
 25790
 25791
 25793
 25803
 25804
 25814
 25814
 25826
 25828
 25842
 25854
 25856
 25875
 25885
 25894
 25897
 25909
 25921
 25944
 25946
 25954
 25971
 25975
 25978
 25986
 26010
 26011
 26021
 26034
 26042
 26047
 26051
 26065
 26082
 26085
 26096
 26100
 26104
 26106
 26108
 26115
 26129
 26136
 26137
 26156
 26158
 26159
 26167
 26169
 26178
 26190
 26210
 26213
 26215
 26254
 26266
 26266
 26270
 26275
 26288
 26290
 26299
 26309
 26322
 26324
 26336
 26337
 26342
 26358
 26362
 26362
 26376
 26379
 26383
 26391
 26394
 26396
 26403
 26410
 26413
 26413
 26421
 26422
 26438
 26438
 26446
 26447
 26465
 26468
 26469
 26471
 26473
 26485
 26493
 26494
 26498
 26498
 26507
 26511
 26515
 26530
 26533
 26534
 26543
 26563
 26569
 26574
 26599
 26611
 26611
 26640
 26652
 26681
 26701
 26705
 26712
 26721
 26737
 26750
 26771
 26779
 26779
 26780
 26787
 26794
 26799
 26804
 26814
 26815
 26834
 26853
 26860
 26865
 26882
 26887
 26903
 26915
 26921
 26924
 26926
 26936
 26937
 26939
 26955
 26962
 26975
 26976
 26983
 26989
 27027
 27050
 27059
 27073
 27084
 27094
 27103
 27129
 27138
 27140
 27157
 27157
 27157
 27174
 27177
 27193
 27210
 27218
 27227
 27262
 27266
 27292
 27302
 27307
 27331
 27339
 27350
 27392
 27404
 27411
 27426
 27428
 27428
 27432
 27443
 27467
 27468
 27480
 27497
 27515
 27525
 27533
 27540
 27550
 27561
 27604
 27613
 27616
 27637
 27640
 27682
 27683
 27687
 27698
 27702
 27709
 27718
 27720
 27729
 27731
 27733
 27742
 27748
 27774
 27775
 27778
 27793
 27799
 27806
 27838
 27844
 27868
 27874
 27874
 27888
 27889
 27890
 27902
 27912
 27916
 27919
 27925
 27928
 27933
 27939
 27961
 27966
 27970
 27979
 28025
 28026
 28031
 28033
 28035
 28039
 28039
 28049
 28093
 28097
 28107
 28118
 28151
 28160
 28171
 28179
 28182
 28188
 28198
 28203
 28212
 28223
 28232
 28232
 28244
 28265
 28269
 28292
 28294
 28310
 28316
 28322
 28337
 28369
 28373
 28379
 28383
 28388
 28390
 28392
 28392
 28394
 28419
 28431
 28433
 28435
 28447
 28477
 28513
 28515
 28538
 28545
 28560
 28570
 28571
 28575
 28589
 28590
 28608
 28620
 28632
 28636
 28639
 28646
 28648
 28662
 28681
 28681
 28691
 28697
 28698
 28699
 28710
 28713
 28714
 28720
 28721
 28730
 28755
 28767
 28782
 28787
 28797
 28813
 28820
 28843
 28847
 28856
 28877
 28898
 28920
 28925
 28930
 28951
 28952
 28968
 28973
 28981
 28989
 29016
 29017
 29020
 29021
 29037
 29041
 29046
 29048
 29050
 29062
 29080
 29085
 29103
 29127
 29182
 29182
 29188
 29197
 29241
 29253
 29259
 29261
 29266
 29267
 29281
 29285
 29288
 29291
 29308
 29318
 29322
 29356
 29363
 29393
 29397
 29415
 29442
 29452
 29455
 29460
 29476
 29478
 29486
 29491
 29509
 29516
 29516
 29519
 29526
 29556
 29560
 29564
 29616
 29627
 29633
 29641
 29644
 29646
 29659
 29661
 29667
 29672
 29726
 29777
 29785
 29792
 29807
 29808
 29816
 29844
 29849
 29859
 29866
 29885
 29918
 29943
 29951
 29953
 29971
 29973
 29974
 29984
 29987
 30004
 30005
 30018
 30019
 30037
 30038
 30051
 30051
 30061
 30074
 30074
 30075
 30089
 30099
 30101
 30116
 30169
 30180
 30182
 30188
 30222
 30241
 30248
 30249
 30261
 30267
 30268
 30271
 30291
 30303
 30305
 30313
 30313
 30314
 30340
 30356
 30364
 30366
 30399
 30403
 30404
 30406
 30415
 30425
 30447
 30448
 30454
 30465
 30472
 30486
 30489
 30506
 30510
 30544
 30544
 30576
 30578
 30580
 30586
 30594
 30612
 30625
 30648
 30662
 30676
 30685
 30687
 30716
 30720
 30720
 30726
 30727
 30727
 30748
 30753
 30754
 30759
 30782
 30804
 30807
 30810
 30811
 30817
 30826
 30838
 30839
 30839
 30849
 30852
 30869
 30872
 30884
 30892
 30912
 30917
 30935
 30955
 30955
 30965
 30965
 30968
 30973
 30978
 31002
 31010
 31021
 31026
 31040
 31056
 31067
 31068
 31079
 31083
 31093
 31098
 31110
 31115
 31119
 31136
 31137
 31154
 31166
 31167
 31175
 31183
 31183
 31193
 31199
 31258
 31276
 31285
 31295
 31311
 31321
 31324
 31330
 31337
 31344
 31354
 31355
 31366
 31395
 31397
 31408
 31415
 31418
 31422
 31429
 31431
 31434
 31456
 31471
 31477
 31498
 31498
 31501
 31521
 31533
 31536
 31543
 31547
 31569
 31574
 31576
 31580
 31596
 31602
 31630
 31642
 31648
 31656
 31661
 31664
 31674
 31681
 31685
 31696
 31704
 31717
 31728
 31761
 31764
 31768
 31781
 31783
 31800
 31804
 31809
 31811
 31813
 31813
 31827
 31836
 31839
 31843
 31856
 31877
 31880
 31888
 31895
 31898
 31901
 31902
 31908
 31908
 31915
 31930
 31939
 31941
 31954
 31974
 31980
 31985
 31989
 31996
 31998
 32004
 32026
 32043
 32047
 32069
 32069
 32078
 32081
 32081
 32091
 32102
 32110
 32155
 32168
 32185
 32186
 32188
 32192
 32206
 32209
 32213
 32215
 32249
 32286
 32289
 32294
 32311
 32319
 32320
 32336
 32341
 32343
 32345
 32347
 32382
 32384
 32391
 32394
 32396
 32397
 32399
 32399
 32399
 32405
 32416
 32416
 32439
 32441
 32475
 32475
 32482
 32486
 32486
 32517
 32518
 32520
 32563
 32566
 32572
 32591
 32596
 32620
 32621
 32667
 32679
 32681
 32685
 32687
 32737
 32739
 32748
 32762
 32769
 32771
 32793
 32806
 32816
 32823
 32826
 32826
 32835
 32841
 32850
 32860
 32862
 32874
 32918
 32921
 32929
 32945
 32947
 32960
 32971
 32976
 32981
 32983
 32993
 32998
 33032
 33035
 33100
 33108
 33115
 33131
 33156
 33160
 33171
 33195
 33204
 33219
 33222
 33250
 33250
 33250
 33262
 33262
 33278
 33303
 33304
 33334
 33336
 33339
 33344
 33345
 33365
 33368
 33372
 33377
 33380
 33389
 33400
 33403
 33414
 33414
 33415
 33416
 33423
 33435
 33438
 33442
 33457
 33463
 33473
 33477
 33479
 33503
 33509
 33528
 33540
 33544
 33555
 33561
 33567
 33571
 33596
 33600
 33602
 33639
 33655
 33657
 33692
 33700
 33703
 33708
 33713
 33719
 33725
 33734
 33736
 33745
 33759
 33764
 33776
 33792
 33802
 33809
 33809
 33823
 33827
 33828
 33837
 33846
 33860
 33872
 33874
 33876
 33878
 33882
 33927
 33941
 33964
 33969
 33970
 33973
 33990
 34000
 34008
 34018
 34027
 34029
 34040
 34060
 34061
 34064
 34076
 34082
 34093
 34094
 34095
 34125
 34163
 34170
 34180
 34191
 34197
 34198
 34221
 34225
 34229
 34229
 34251
 34259
 34277
 34283
 34291
 34292
 34294
 34301
 34311
 34318
 34319
 34324
 34354
 34366
 34372
 34378
 34379
 34393
 34398
 34408
 34415
 34426
 34433
 34450
 34460
 34490
 34507
 34512
 34531
 34532
 34547
 34550
 34553
 34553
 34555
 34562
 34571
 34588
 34591
 34604
 34629
 34632
 34638
 34646
 34658
 34663
 34669
 34695
 34701
 34702
 34709
 34715
 34719
 34724
 34737
 34752
 34770
 34802
 34815
 34817
 34836
 34851
 34864
 34870
 34915
 34917
 34918
 34921
 34923
 34926
 34936
 34947
 34981
 34989
 34991
 34991
 35025
 35061
 35070
 35075
 35083
 35083
 35085
 35097
 35100
 35111
 35122
 35126
 35127
 35157
 35157
 35169
 35199
 35208
 35223
 35239
 35240
 35261
 35269
 35273
 35276
 35277
 35293
 35301
 35304
 35318
 35325
 35328
 35330
 35331
 35363
 35366
 35371
 35388
 35402
 35405
 35408
 35416
 35436
 35451
 35453
 35453
 35454
 35469
 35480
 35494
 35495
 35507
 35515
 35516
 35517
 35520
 35532
 35558
 35564
 35567
 35570
 35570
 35581
 35585
 35586
 35589
 35599
 35601
 35601
 35614
 35646
 35671
 35681
 35688
 35689
 35691
 35702
 35728
 35732
 35740
 35741
 35747
 35764
 35766
 35788
 35789
 35794
 35794
 35804
 35827
 35836
 35837
 35854
 35861
 35872
 35873
 35876
 35893
 35904
 35919
 35920
 35950
 35955
 35961
 35964
 35972
 35997
 36005
 36005
 36013
 36016
 36030
 36064
 36065
 36072
 36083
 36093
 36109
 36113
 36129
 36190
 36227
 36251
 36255
 36260
 36261
 36288
 36299
 36302
 36304
 36310
 36317
 36318
 36320
 36335
 36340
 36359
 36366
 36371
 36391
 36406
 36407
 36428
 36455
 36455
 36465
 36469
 36488
 36489
 36494
 36508
 36509
 36518
 36522
 36538
 36541
 36563
 36572
 36574
 36576
 36588
 36594
 36606
 36613
 36622
 36627
 36669
 36670
 36678
 36688
 36703
 36708
 36708
 36713
 36732
 36735
 36737
 36749
 36756
 36759
 36767
 36792
 36792
 36810
 36811
 36825
 36826
 36861
 36863
 36869
 36872
 36878
 36889
 36911
 36914
 36925
 36929
 36938
 36951
 36969
 36978
 37002
 37020
 37032
 37044
 37063
 37070
 37102
 37103
 37109
 37111
 37119
 37125
 37148
 37150
 37175
 37191
 37206
 37227
 37264
 37271
 37283
 37289
 37292
 37309
 37314
 37323
 37343
 37356
 37386
 37391
 37395
 37408
 37413
 37414
 37416
 37420
 37443
 37448
 37465
 37465
 37466
 37490
 37491
 37500
 37505
 37514
 37520
 37531
 37560
 37575
 37580
 37580
 37583
 37596
 37602
 37603
 37615
 37620
 37621
 37651
 37658
 37673
 37684
 37723
 37746
 37759
 37793
 37805
 37806
 37808
 37824
 37851
 37853
 37853
 37866
 37870
 37875
 37898
 37898
 37906
 37918
 37920
 37930
 37940
 37941
 37957
 37960
 37962
 37992
 37993
 37993
 37999
 38003
 38009
 38010
 38020
 38029
 38040
 38046
 38048
 38048
 38054
 38055
 38067
 38067
 38073
 38082
 38092
 38115
 38168
 38178
 38180
 38181
 38181
 38190
 38193
 38197
 38197
 38202
 38228
 38231
 38250
 38257
 38260
 38260
 38262
 38273
 38277
 38287
 38293
 38303
 38304
 38312
 38316
 38321
 38323
 38326
 38329
 38351
 38388
 38397
 38412
 38414
 38426
 38430
 38433
 38433
 38463
 38464
 38466
 38466
 38469
 38474
 38481
 38488
 38501
 38504
 38512
 38516
 38537
 38576
 38579
 38582
 38588
 38591
 38594
 38600
 38606
 38627
 38643
 38644
 38654
 38657
 38683
 38685
 38689
 38690
 38718
 38759
 38771
 38772
 38789
 38797
 38801
 38810
 38812
 38813
 38815
 38820
 38820
 38826
 38831
 38832
 38832
 38838
 38841
 38842
 38850
 38850
 38855
 38856
 38862
 38864
 38872
 38875
 38876
 38885
 38892
 38900
 38919
 38926
 38938
 38943
 38965
 38977
 38979
 38986
 38987
 38992
 38997
 39001
 39013
 39020
 39030
 39034
 39039
 39049
 39050
 39077
 39105
 39113
 39123
 39142
 39158
 39162
 39181
 39198
 39200
 39216
 39219
 39223
 39223
 39226
 39237
 39243
 39254
 39274
 39296
 39311
 39326
 39343
 39348
 39361
 39370
 39375
 39378
 39379
 39388
 39407
 39415
 39416
 39443
 39450
 39458
 39459
 39460
 39506
 39507
 39513
 39519
 39530
 39536
 39539
 39542
 39544
 39547
 39549
 39559
 39560
 39573
 39580
 39599
 39600
 39607
 39613
 39619
 39654
 39671
 39698
 39716
 39720
 39728
 39728
 39732
 39742
 39757
 39761
 39783
 39788
 39789
 39797
 39806
 39819
 39833
 39851
 39863
 39873
 39884
 39885
 39886
 39889
 39898
 39915
 39938
 39944
 39948
 39949
 39953
 39961
 40002
 40004
 40015
 40020
 40021
 40035
 40037
 40038
 40046
 40048
 40050
 40056
 40056
 40059
 40073
 40079
 40080
 40080
 40085
 40095
 40099
 40101
 40102
 40122
 40148
 40148
 40149
 40153
 40154
 40198
 40201
 40215
 40219
 40221
 40228
 40246
 40256
 40261
 40270
 40283
 40302
 40306
 40313
 40349
 40367
 40371
 40380
 40383
 40385
 40393
 40396
 40398
 40399
 40400
 40403
 40413
 40421
 40421
 40434
 40447
 40452
 40458
 40476
 40481
 40493
 40493
 40503
 40505
 40507
 40518
 40531
 40531
 40531
 40534
 40540
 40551
 40553
 40554
 40554
 40555
 40562
 40567
 40575
 40592
 40595
 40597
 40600
 40607
 40607
 40626
 40635
 40646
 40664
 40670
 40674
 40676
 40691
 40697
 40710
 40714
 40720
 40726
 40735
 40735
 40747
 40757
 40764
 40772
 40776
 40781
 40810
 40816
 40833
 40835
 40843
 40861
 40873
 40885
 40893
 40920
 40924
 40945
 40984
 40984
 41001
 41003
 41011
 41012
 41020
 41027
 41029
 41036
 41037
 41048
 41057
 41066
 41066
 41069
 41095
 41110
 41121
 41161
 41170
 41173
 41196
 41197
 41213
 41220
 41224
 41239
 41243
 41245
 41247
 41251
 41284
 41291
 41294
 41330
 41349
 41352
 41353
 41354
 41358
 41361
 41381
 41385
 41389
 41393
 41410
 41415
 41417
 41444
 41446
 41454
 41468
 41476
 41477
 41480
 41505
 41509
 41515
 41521
 41557
 41573
 41597
 41600
 41613
 41617
 41652
 41653
 41660
 41662
 41664
 41678
 41699
 41700
 41702
 41710
 41741
 41765
 41767
 41781
 41800
 41805
 41817
 41820
 41841
 41860
 41866
 41871
 41875
 41895
 41895
 41925
 41926
 41936
 41944
 41945
 41945
 41962
 41981
 41986
 41988
 41990
 42001
 42006
 42012
 42056
 42081
 42081
 42085
 42091
 42093
 42097
 42107
 42111
 42125
 42126
 42130
 42147
 42154
 42191
 42209
 42211
 42226
 42231
 42263
 42274
 42274
 42318
 42320
 42327
 42332
 42334
 42339
 42373
 42376
 42381
 42409
 42417
 42435
 42449
 42461
 42472
 42514
 42519
 42524
 42537
 42553
 42560
 42563
 42590
 42596
 42602
 42642
 42662
 42676
 42678
 42693
 42694
 42704
 42713
 42731
 42732
 42755
 42770
 42773
 42783
 42804
 42805
 42815
 42816
 42823
 42824
 42825
 42832
 42838
 42839
 42843
 42845
 42849
 42854
 42855
 42863
 42865
 42865
 42871
 42889
 42904
 42913
 42926
 42953
 42954
 42955
 42958
 42971
 42983
 42988
 42996
 43011
 43015
 43034
 43039
 43043
 43064
 43064
 43099
 43123
 43132
 43132
 43133
 43148
 43149
 43154
 43157
 43207
 43210
 43227
 43230
 43231
 43239
 43242
 43250
 43254
 43272
 43278
 43283
 43287
 43325
 43326
 43327
 43342
 43346
 43350
 43377
 43382
 43383
 43383
 43410
 43423
 43432
 43443
 43448
 43457
 43458
 43461
 43474
 43484
 43491
 43492
 43498
 43504
 43506
 43512
 43518
 43546
 43554
 43555
 43572
 43581
 43592
 43625
 43628
 43636
 43637
 43647
 43651
 43664
 43672
 43672
 43693
 43693
 43704
 43715
 43720
 43725
 43737
 43753
 43755
 43771
 43788
 43796
 43800
 43800
 43803
 43833
 43847
 43847
 43853
 43863
 43870
 43891
 43892
 43902
 43914
 43917
 43950
 43966
 43968
 43975
 43984
 43984
 43990
 43999
 44024
 44028
 44046
 44049
 44059
 44070
 44071
 44139
 44141
 44144
 44150
 44152
 44165
 44181
 44214
 44215
 44224
 44244
 44252
 44272
 44284
 44302
 44304
 44325
 44330
 44341
 44377
 44379
 44379
 44398
 44401
 44445
 44457
 44461
 44483
 44489
 44493
 44500
 44516
 44530
 44535
 44543
 44545
 44551
 44579
 44592
 44594
 44595
 44601
 44609
 44611
 44611
 44621
 44648
 44661
 44664
 44703
 44706
 44714
 44717
 44724
 44730
 44732
 44733
 44745
 44746
 44756
 44762
 44776
 44778
 44783
 44787
 44808
 44824
 44843
 44873
 44876
 44883
 44887
 44887
 44905
 44909
 44920
 44938
 44945
 44955
 44960
 44983
 44990
 44994
 45015
 45027
 45028
 45053
 45076
 45085
 45102
 45118
 45118
 45118
 45125
 45125
 45127
 45140
 45145
 45151
 45162
 45163
 45177
 45241
 45245
 45246
 45253
 45254
 45254
 45260
 45279
 45294
 45299
 45303
 45309
 45320
 45326
 45334
 45335
 45339
 45345
 45346
 45347
 45357
 45357
 45375
 45377
 45380
 45380
 45400
 45404
 45408
 45412
 45420
 45464
 45464
 45466
 45469
 45481
 45491
 45493
 45510
 45518
 45524
 45530
 45533
 45533
 45554
 45557
 45578
 45583
 45609
 45638
 45640
 45666
 45667
 45672
 45682
 45686
 45690
 45708
 45713
 45740
 45788
 45789
 45797
 45799
 45807
 45807
 45809
 45840
 45841
 45844
 45845
 45847
 45859
 45867
 45874
 45877
 45878
 45881
 45882
 45900
 45912
 45928
 45936
 45939
 45941
 45943
 45944
 45971
 45997
 46014
 46024
 46027
 46029
 46040
 46048
 46048
 46071
 46073
 46074
 46082
 46089
 46095
 46104
 46121
 46130
 46145
 46157
 46190
 46195
 46203
 46215
 46217
 46237
 46238
 46250
 46261
 46287
 46304
 46304
 46308
 46322
 46344
 46348
 46367
 46368
 46368
 46375
 46379
 46384
 46389
 46411
 46417
 46430
 46431
 46437
 46449
 46456
 46475
 46480
 46484
 46488
 46489
 46499
 46503
 46506
 46526
 46529
 46529
 46540
 46543
 46559
 46573
 46578
 46582
 46605
 46612
 46614
 46642
 46644
 46658
 46662
 46669
 46679
 46682
 46687
 46697
 46700
 46707
 46719
 46768
 46774
 46777
 46778
 46797
 46803
 46822
 46825
 46827
 46827
 46849
 46862
 46869
 46889
 46896
 46901
 46910
 46930
 46955
 46971
 46990
 46995
 46998
 47009
 47017
 47021
 47022
 47044
 47048
 47051
 47053
 47065
 47068
 47070
 47103
 47103
 47107
 47154
 47170
 47174
 47174
 47185
 47197
 47224
 47228
 47232
 47233
 47252
 47253
 47257
 47273
 47283
 47291
 47292
 47302
 47304
 47314
 47323
 47331
 47335
 47348
 47349
 47388
 47405
 47422
 47447
 47450
 47457
 47460
 47470
 47476
 47479
 47482
 47484
 47488
 47490
 47498
 47555
 47570
 47574
 47594
 47618
 47637
 47647
 47648
 47668
 47678
 47686
 47695
 47700
 47704
 47727
 47728
 47731
 47732
 47747
 47751
 47780
 47801
 47801
 47805
 47810
 47815
 47828
 47831
 47855
 47886
 47888
 47933
 47961
 47966
 47988
 47988
 48000
 48008
 48014
 48021
 48041
 48059
 48072
 48088
 48095
 48151
 48153
 48175
 48195
 48227
 48261
 48261
 48303
 48306
 48308
 48312
 48331
 48341
 48356
 48360
 48363
 48384
 48392
 48396
 48407
 48408
 48413
 48417
 48430
 48439
 48446
 48459
 48479
 48485
 48493
 48500
 48500
 48515
 48522
 48528
 48528
 48538
 48539
 48546
 48554
 48559
 48562
 48563
 48572
 48579
 48583
 48586
 48588
 48608
 48609
 48612
 48614
 48620
 48628
 48646
 48646
 48650
 48685
 48690
 48741
 48741
 48741
 48747
 48758
 48768
 48793
 48805
 48818
 48828
 48845
 48887
 48905
 48905
 48909
 48921
 48926
 48931
 48935
 48950
 48953
 48961
 48966
 48970
 48985
 49009
 49012
 49012
 49013
 49033
 49050
 49063
 49076
 49077
 49092
 49122
 49122
 49124
 49126
 49127
 49134
 49137
 49148
 49170
 49184
 49216
 49218
 49246
 49253
 49259
 49259
 49265
 49271
 49276
 49279
 49308
 49314
 49326
 49331
 49376
 49382
 49391
 49391
 49393
 49395
 49399
 49406
 49411
 49430
 49443
 49461
 49465
 49478
 49482
 49482
 49485
 49486
 49500
 49520
 49524
 49525
 49534
 49562
 49567
 49585
 49593
 49593
 49597
 49608
 49617
 49623
 49628
 49633
 49642
 49665
 49677
 49681
 49686
 49741
 49744
 49748
 49750
 49774
 49779
 49789
 49794
 49799
 49802
 49818
 49819
 49824
 49831
 49846
 49877
 49890
 49902
 49905
 49911
 49916
 49926
 49936
 49936
 49937
 49994
 49999
 50006
 50029
 50038
 50040
 50050
 50072
 50088
 50088
 50102
 50115
 50116
 50123
 50144
 50155
 50160
 50172
 50189
 50190
 50191
 50200
 50201
 50205
 50214
 50231
 50250
 50260
 50315
 50321
 50326
 50333
 50342
 50349
 50359
 50366
 50377
 50381
 50394
 50410
 50411
 50412
 50416
 50418
 50430
 50448
 50454
 50456
 50502
 50504
 50504
 50529
 50577
 50578
 50579
 50584
 50592
 50593
 50595
 50596
 50605
 50617
 50623
 50633
 50644
 50685
 50695
 50703
 50704
 50728
 50742
 50746
 50749
 50761
 50773
 50777
 50789
 50799
 50820
 50826
 50831
 50836
 50845
 50845
 50888
 50895
 50900
 50902
 50910
 50927
 50931
 50933
 50938
 50948
 50949
 50955
 50972
 50972
 50980
 50992
 51008
 51018
 51034
 51051
 51070
 51083
 51089
 51090
 51094
 51105
 51135
 51145
 51157
 51180
 51209
 51229
 51231
 51244
 51251
 51252
 51260
 51276
 51279
 51317
 51344
 51352
 51369
 51387
 51410
 51416
 51430
 51451
 51452
 51453
 51466
 51467
 51490
 51508
 51510
 51510
 51513
 51523
 51529
 51529
 51557
 51557
 51559
 51573
 51597
 51600
 51612
 51619
 51634
 51650
 51652
 51676
 51687
 51710
 51714
 51717
 51726
 51730
 51730
 51732
 51753
 51754
 51776
 51795
 51803
 51841
 51848
 51860
 51874
 51875
 51878
 51884
 51912
 51922
 51922
 51926
 51936
 51953
 51984
 51984
 51989
 52007
 52008
 52018
 52020
 52021
 52021
 52031
 52042
 52048
 52049
 52055
 52061
 52066
 52084
 52112
 52118
 52126
 52134
 52138
 52142
 52152
 52167
 52172
 52173
 52180
 52184
 52185
 52186
 52225
 52238
 52239
 52248
 52254
 52284
 52311
 52326
 52350
 52361
 52375
 52379
 52382
 52399
 52412
 52417
 52428
 52428
 52435
 52440
 52468
 52473
 52477
 52497
 52500
 52506
 52508
 52514
 52545
 52548
 52553
 52558
 52560
 52563
 52565
 52567
 52577
 52578
 52589
 52590
 52590
 52602
 52618
 52630
 52630
 52643
 52648
 52649
 52669
 52684
 52687
 52712
 52714
 52732
 52736
 52739
 52741
 52745
 52749
 52791
 52797
 52810
 52821
 52830
 52835
 52849
 52854
 52857
 52858
 52859
 52860
 52862
 52870
 52875
 52899
 52916
 52920
 52921
 52935
 52961
 52964
 52978
 52985
 53008
 53014
 53014
 53018
 53022
 53040
 53048
 53069
 53076
 53090
 53102
 53103
 53105
 53107
 53115
 53117
 53117
 53120
 53133
 53142
 53146
 53155
 53166
 53174
 53182
 53193
 53225
 53225
 53231
 53240
 53253
 53255
 53260
 53270
 53271
 53278
 53280
 53317
 53328
 53353
 53363
 53367
 53375
 53387
 53398
 53426
 53427
 53437
 53469
 53470
 53480
 53508
 53530
 53531
 53533
 53534
 53540
 53581
 53585
 53608
 53650
 53663
 53685
 53696
 53697
 53721
 53726
 53740
 53765
 53766
 53773
 53783
 53790
 53798
 53831
 53837
 53838
 53850
 53856
 53861
 53878
 53879
 53884
 53887
 53887
 53901
 53905
 53907
 53910
 53920
 53947
 53956
 53961
 53971
 53975
 53986
 54000
 54015
 54025
 54028
 54031
 54050
 54053
 54071
 54079
 54079
 54081
 54095
 54114
 54123
 54125
 54128
 54152
 54153
 54157
 54164
 54166
 54185
 54188
 54194
 54209
 54227
 54235
 54237
 54239
 54244
 54247
 54249
 54254
 54262
 54269
 54270
 54275
 54279
 54283
 54287
 54341
 54341
 54345
 54347
 54351
 54379
 54392
 54407
 54420
 54429
 54442
 54456
 54499
 54506
 54513
 54525
 54528
 54533
 54541
 54544
 54544
 54572
 54618
 54620
 54623
 54633
 54636
 54638
 54640
 54655
 54669
 54678
 54686
 54689
 54700
 54738
 54740
 54751
 54757
 54760
 54770
 54775
 54778
 54807
 54816
 54829
 54829
 54831
 54836
 54838
 54847
 54853
 54862
 54862
 54873
 54891
 54910
 54910
 54910
 54919
 54925
 54928
 54941
 54946
 54959
 54966
 54970
 54972
 54981
 54983
 55011
 55034
 55045
 55045
 55056
 55059
 55075
 55078
 55078
 55078
 55084
 55087
 55092
 55099
 55099
 55105
 55106
 55107
 55110
 55114
 55123
 55137
 55140
 55145
 55195
 55232
 55238
 55242
 55246
 55272
 55319
 55325
 55341
 55354
 55372
 55375
 55377
 55386
 55389
 55406
 55457
 55467
 55479
 55482
 55486
 55489
 55512
 55515
 55523
 55524
 55542
 55553
 55564
 55565
 55575
 55585
 55588
 55602
 55604
 55614
 55617
 55640
 55648
 55649
 55653
 55653
 55662
 55666
 55674
 55678
 55682
 55685
 55686
 55688
 55690
 55702
 55715
 55717
 55719
 55747
 55748
 55758
 55763
 55824
 55828
 55829
 55857
 55861
 55882
 55883
 55892
 55902
 55904
 55908
 55911
 55920
 55929
 55934
 55937
 55941
 55942
 55958
 55968
 55980
 55989
 56000
 56003
 56022
 56027
 56040
 56044
 56051
 56053
 56062
 56064
 56094
 56099
 56101
 56110
 56131
 56134
 56146
 56172
 56181
 56189
 56203
 56211
 56213
 56220
 56249
 56263
 56266
 56268
 56274
 56320
 56321
 56339
 56342
 56350
 56353
 56360
 56370
 56377
 56385
 56391
 56395
 56399
 56402
 56408
 56411
 56429
 56438
 56441
 56449
 56453
 56455
 56459
 56466
 56468
 56481
 56484
 56491
 56506
 56517
 56521
 56522
 56524
 56529
 56533
 56549
 56559
 56565
 56569
 56582
 56582
 56587
 56605
 56620
 56627
 56630
 56635
 56657
 56687
 56697
 56701
 56702
 56714
 56733
 56744
 56757
 56763
 56764
 56774
 56807
 56821
 56821
 56822
 56834
 56844
 56850
 56855
 56868
 56871
 56876
 56885
 56896
 56899
 56901
 56920
 56922
 56927
 56929
 56951
 56956
 56968
 56972
 56979
 57000
 57003
 57038
 57042
 57043
 57094
 57095
 57113
 57119
 57150
 57169
 57170
 57175
 57175
 57180
 57192
 57193
 57197
 57210
 57210
 57220
 57262
 57266
 57273
 57325
 57329
 57331
 57356
 57357
 57362
 57406
 57407
 57420
 57450
 57456
 57468
 57480
 57483
 57492
 57507
 57508
 57525
 57535
 57546
 57554
 57557
 57572
 57589
 57596
 57602
 57602
 57602
 57643
 57649
 57660
 57673
 57681
 57689
 57697
 57702
 57709
 57722
 57729
 57732
 57740
 57747
 57761
 57769
 57800
 57831
 57837
 57848
 57852
 57856
 57888
 57889
 57903
 57915
 57933
 57949
 57966
 57971
 57985
 57991
 57992
 57993
 58011
 58021
 58032
 58041
 58045
 58053
 58054
 58061
 58064
 58068
 58081
 58088
 58097
 58100
 58106
 58107
 58114
 58128
 58129
 58140
 58150
 58168
 58195
 58202
 58237
 58238
 58246
 58246
 58259
 58271
 58280
 58284
 58286
 58291
 58302
 58321
 58323
 58324
 58343
 58345
 58346
 58351
 58360
 58364
 58369
 58371
 58381
 58393
 58412
 58416
 58433
 58437
 58440
 58441
 58464
 58474
 58482
 58490
 58494
 58495
 58500
 58503
 58505
 58509
 58511
 58517
 58526
 58530
 58566
 58572
 58578
 58582
 58599
 58602
 58648
 58669
 58675
 58688
 58688
 58688
 58691
 58713
 58719
 58779
 58786
 58789
 58799
 58819
 58826
 58828
 58845
 58863
 58876
 58876
 58877
 58890
 58904
 58908
 58914
 58923
 58981
 58985
 58992
 58992
 58996
 59013
 59017
 59049
 59069
 59074
 59078
 59079
 59080
 59100
 59104
 59135
 59135
 59135
 59142
 59162
 59177
 59178
 59184
 59184
 59186
 59188
 59194
 59196
 59245
 59253
 59264
 59270
 59279
 59284
 59314
 59320
 59323
 59323
 59341
 59345
 59361
 59362
 59363
 59374
 59380
 59384
 59384
 59400
 59402
 59416
 59420
 59422
 59429
 59437
 59439
 59460
 59465
 59470
 59490
 59505
 59567
 59575
 59588
 59623
 59642
 59642
 59650
 59654
 59667
 59685
 59715
 59717
 59720
 59728
 59762
 59762
 59798
 59805
 59809
 59815
 59819
 59820
 59835
 59851
 59852
 59859
 59884
 59889
 59891
 59892
 59893
 59911
 59913
 59932
 59934
 59943
 59944
 59948
 59954
 59966
 59969
 59973
 60005
 60006
 60012
 60037
 60042
 60042
 60050
 60053
 60058
 60066
 60080
 60080
 60081
 60096
 60105
 60112
 60112
 60113
 60118
 60121
 60148
 60155
 60163
 60165
 60172
 60173
 60186
 60189
 60190
 60202
 60217
 60219
 60265
 60282
 60289
 60317
 60317
 60320
 60325
 60338
 60343
 60353
 60353
 60358
 60378
 60397
 60399
 60421
 60421
 60443
 60451
 60489
 60494
 60504
 60520
 60524
 60535
 60542
 60550
 60564
 60564
 60592
 60596
 60609
 60617
 60656
 60662
 60691
 60700
 60732
 60735
 60768
 60786
 60814
 60845
 60846
 60846
 60847
 60853
 60854
 60874
 60896
 60900
 60909
 60926
 60931
 60932
 60938
 60939
 60958
 60961
 60964
 61008
 61013
 61018
 61021
 61029
 61038
 61042
 61048
 61051
 61061
 61062
 61066
 61068
 61071
 61077
 61081
 61093
 61093
 61096
 61104
 61122
 61150
 61154
 61161
 61169
 61179
 61184
 61188
 61211
 61213
 61220
 61239
 61240
 61247
 61264
 61293
 61293
 61314
 61349
 61369
 61404
 61416
 61437
 61438
 61446
 61465
 61471
 61471
 61483
 61484
 61487
 61500
 61501
 61504
 61516
 61518
 61532
 61544
 61560
 61582
 61588
 61598
 61599
 61600
 61621
 61624
 61624
 61630
 61647
 61650
 61657
 61667
 61672
 61678
 61680
 61690
 61696
 61738
 61748
 61778
 61789
 61800
 61805
 61806
 61810
 61819
 61830
 61837
 61837
 61841
 61853
 61898
 61903
 61906
 61908
 61921
 61928
 61934
 61935
 61939
 61946
 61950
 61961
 61974
 61998
 62000
 62005
 62006
 62015
 62015
 62029
 62046
 62060
 62066
 62066
 62073
 62084
 62087
 62097
 62098
 62129
 62143
 62148
 62177
 62189
 62195
 62202
 62206
 62218
 62222
 62227
 62231
 62247
 62255
 62259
 62259
 62265
 62330
 62338
 62341
 62371
 62371
 62388
 62419
 62422
 62432
 62434
 62446
 62449
 62453
 62455
 62458
 62473
 62476
 62495
 62499
 62504
 62505
 62520
 62531
 62544
 62545
 62555
 62556
 62562
 62567
 62571
 62593
 62604
 62607
 62612
 62623
 62626
 62636
 62647
 62670
 62684
 62717
 62724
 62743
 62753
 62759
 62783
 62795
 62821
 62821
 62824
 62827
 62828
 62843
 62852
 62854
 62860
 62864
 62925
 62928
 62928
 62938
 62943
 62945
 62946
 62967
 62985
 62986
 62987
 62998
 63016
 63021
 63023
 63031
 63044
 63052
 63070
 63071
 63078
 63081
 63089
 63095
 63110
 63112
 63128
 63129
 63131
 63134
 63143
 63149
 63150
 63161
 63170
 63190
 63193
 63204
 63207
 63208
 63215
 63218
 63218
 63220
 63240
 63251
 63252
 63252
 63285
 63302
 63326
 63344
 63346
 63363
 63365
 63372
 63372
 63385
 63391
 63437
 63440
 63459
 63481
 63511
 63512
 63521
 63523
 63529
 63562
 63570
 63576
 63581
 63584
 63587
 63632
 63639
 63642
 63662
 63665
 63675
 63699
 63699
 63718
 63719
 63740
 63745
 63755
 63760
 63762
 63768
 63786
 63798
 63803
 63810
 63842
 63858
 63875
 63895
 63897
 63899
 63908
 63911
 63927
 63930
 63939
 63964
 63969
 63990
 63994
 64020
 64021
 64044
 64046
 64051
 64055
 64062
 64064
 64078
 64083
 64094
 64136
 64139
 64141
 64144
 64146
 64157
 64183
 64186
 64197
 64205
 64207
 64209
 64214
 64230
 64248
 64249
 64256
 64264
 64286
 64288
 64301
 64308
 64321
 64324
 64330
 64346
 64357
 64372
 64376
 64384
 64389
 64399
 64436
 64437
 64447
 64481
 64485
 64485
 64491
 64496
 64528
 64537
 64562
 64569
 64569
 64570
 64584
 64598
 64616
 64616
 64616
 64620
 64642
 64646
 64664
 64670
 64685
 64688
 64691
 64691
 64710
 64710
 64711
 64714
 64720
 64743
 64753
 64788
 64788
 64801
 64817
 64828
 64828
 64830
 64830
 64838
 64851
 64861
 64863
 64909
 64909
 64913
 64918
 64933
 64945
 64949
 64955
 64958
 64970
 64995
 65004
 65004
 65005
 65015
 65020
 65032
 65047
 65062
 65069
 65070
 65075
 65080
 65103
 65104
 65116
 65118
 65126
 65145
 65159
 65163
 65174
 65177
 65181
 65186
 65189
 65190
 65210
 65221
 65227
 65249
 65257
 65260
 65263
 65277
 65283
 65312
 65337
 65340
 65360
 65370
 65370
 65372
 65383
 65391
 65394
 65404
 65404
 65406
 65412
 65426
 65442
 65447
 65455
 65467
 65470
 65478
 65478
 65489
 65496
 65501
 65504
 65506
 65507
 65541
 65547
 65559
 65563
 65567
 65574
 65580
 65601
 65606
 65613
 65618
 65633
 65640
 65660
 65673
 65674
 65681
 65690
 65692
 65696
 65699
 65709
 65722
 65725
 65741
 65748
 65755
 65757
 65771
 65778
 65827
 65828
 65835
 65836
 65837
 65844
 65849
 65849
 65850
 65855
 65866
 65867
 65879
 65884
 65893
 65940
 65952
 65964
 65969
 65986
 65996
 66006
 66016
 66032
 66052
 66052
 66087
 66090
 66107
 66110
 66124
 66136
 66146
 66155
 66160
 66171
 66177
 66178
 66187
 66201
 66202
 66206
 66213
 66223
 66244
 66246
 66251
 66261
 66269
 66285
 66289
 66305
 66326
 66366
 66380
 66388
 66395
 66396
 66403
 66416
 66435
 66447
 66451
 66453
 66458
 66491
 66497
 66505
 66505
 66510
 66534
 66534
 66535
 66562
 66581
 66605
 66625
 66638
 66666
 66669
 66696
 66707
 66709
 66714
 66727
 66739
 66746
 66758
 66760
 66765
 66790
 66794
 66795
 66802
 66811
 66834
 66836
 66863
 66907
 66919
 66920
 66928
 66936
 66946
 66949
 66964
 66965
 66979
 66983
 66989
 66996
 67000
 67041
 67047
 67047
 67057
 67064
 67066
 67068
 67094
 67112
 67122
 67126
 67127
 67135
 67136
 67137
 67139
 67145
 67156
 67164
 67200
 67236
 67268
 67301
 67329
 67333
 67369
 67376
 67380
 67382
 67384
 67396
 67396
 67397
 67413
 67428
 67435
 67459
 67463
 67465
 67468
 67469
 67478
 67487
 67488
 67488
 67500
 67509
 67518
 67519
 67529
 67537
 67537
 67543
 67546
 67546
 67551
 67554
 67564
 67572
 67606
 67608
 67614
 67617
 67628
 67634
 67648
 67667
 67672
 67681
 67686
 67689
 67693
 67727
 67736
 67736
 67746
 67752
 67757
 67764
 67835
 67835
 67840
 67848
 67854
 67855
 67892
 67917
 67932
 67940
 67953
 67966
 67966
 67980
 68000
 68008
 68025
 68031
 68034
 68045
 68087
 68087
 68092
 68093
 68096
 68098
 68106
 68136
 68136
 68137
 68146
 68150
 68162
 68172
 68173
 68177
 68191
 68195
 68225
 68228
 68242
 68250
 68254
 68268
 68271
 68274
 68283
 68295
 68317
 68329
 68347
 68359
 68362
 68378
 68407
 68427
 68440
 68446
 68453
 68462
 68467
 68484
 68494
 68498
 68501
 68511
 68514
 68539
 68549
 68552
 68556
 68568
 68572
 68572
 68587
 68604
 68619
 68622
 68623
 68627
 68642
 68650
 68657
 68658
 68664
 68665
 68679
 68695
 68698
 68701
 68722
 68768
 68822
 68842
 68853
 68856
 68864
 68870
 68885
 68889
 68895
 68905
 68911
 68936
 68953
 68956
 68973
 68975
 68979
 68991
 69015
 69020
 69052
 69058
 69083
 69091
 69102
 69138
 69148
 69172
 69189
 69190
 69213
 69229
 69234
 69246
 69267
 69268
 69270
 69307
 69311
 69315
 69332
 69334
 69351
 69363
 69374
 69375
 69376
 69378
 69382
 69398
 69409
 69418
 69419
 69422
 69435
 69439
 69462
 69472
 69492
 69514
 69517
 69518
 69519
 69561
 69576
 69590
 69590
 69599
 69644
 69648
 69665
 69672
 69703
 69707
 69707
 69712
 69717
 69771
 69788
 69801
 69809
 69810
 69822
 69824
 69827
 69828
 69836
 69851
 69866
 69869
 69880
 69947
 69947
 69961
 69968
 69970
 69985
 69988
 69997
 70009
 70036
 70049
 70049
 70065
 70067
 70079
 70087
 70099
 70103
 70115
 70159
 70212
 70217
 70227
 70231
 70237
 70247
 70249
 70278
 70287
 70287
 70294
 70307
 70307
 70316
 70316
 70316
 70323
 70323
 70325
 70332
 70333
 70357
 70362
 70386
 70404
 70421
 70428
 70431
 70431
 70434
 70457
 70475
 70476
 70492
 70526
 70526
 70531
 70544
 70554
 70570
 70586
 70588
 70595
 70602
 70609
 70616
 70622
 70628
 70632
 70633
 70646
 70648
 70651
 70652
 70653
 70661
 70664
 70667
 70672
 70682
 70739
 70743
 70808
 70808
 70817
 70833
 70834
 70848
 70853
 70855
 70884
 70911
 70924
 70937
 70973
 70992
 71001
 71008
 71013
 71038
 71046
 71046
 71047
 71067
 71067
 71071
 71075
 71085
 71089
 71096
 71109
 71123
 71124
 71131
 71131
 71138
 71140
 71149
 71154
 71158
 71162
 71167
 71204
 71208
 71220
 71224
 71244
 71263
 71278
 71300
 71303
 71304
 71320
 71322
 71325
 71332
 71338
 71354
 71362
 71362
 71370
 71380
 71386
 71403
 71405
 71421
 71427
 71432
 71435
 71469
 71474
 71504
 71505
 71512
 71512
 71517
 71519
 71527
 71534
 71548
 71559
 71562
 71574
 71580
 71582
 71648
 71655
 71662
 71682
 71714
 71726
 71733
 71739
 71743
 71749
 71752
 71753
 71754
 71774
 71781
 71805
 71805
 71808
 71810
 71820
 71826
 71826
 71827
 71841
 71849
 71854
 71872
 71885
 71892
 71903
 71916
 71923
 71932
 71937
 71937
 71941
 71952
 71970
 71975
 71981
 71981
 71986
 72010
 72026
 72027
 72046
 72057
 72068
 72088
 72095
 72110
 72115
 72119
 72133
 72137
 72149
 72149
 72152
 72153
 72153
 72183
 72193
 72204
 72215
 72245
 72263
 72298
 72315
 72318
 72324
 72324
 72327
 72331
 72355
 72382
 72403
 72427
 72445
 72451
 72453
 72461
 72464
 72465
 72503
 72508
 72515
 72525
 72535
 72542
 72552
 72564
 72571
 72582
 72584
 72585
 72589
 72592
 72601
 72602
 72622
 72626
 72628
 72652
 72662
 72678
 72680
 72685
 72701
 72758
 72760
 72800
 72804
 72808
 72810
 72811
 72818
 72822
 72823
 72841
 72845
 72850
 72851
 72859
 72862
 72870
 72878
 72892
 72904
 72909
 72918
 72937
 72939
 72943
 72944
 72948
 72954
 72956
 72961
 72962
 72976
 72990
 73006
 73012
 73029
 73040
 73058
 73060
 73061
 73061
 73110
 73114
 73118
 73121
 73126
 73141
 73149
 73178
 73198
 73205
 73240
 73244
 73266
 73267
 73291
 73292
 73295
 73297
 73305
 73306
 73310
 73320
 73326
 73351
 73353
 73361
 73365
 73384
 73411
 73418
 73422
 73427
 73433
 73449
 73454
 73463
 73477
 73502
 73503
 73505
 73519
 73522
 73523
 73529
 73534
 73542
 73560
 73568
 73571
 73571
 73573
 73576
 73580
 73581
 73582
 73618
 73629
 73629
 73633
 73636
 73656
 73656
 73658
 73669
 73671
 73673
 73679
 73682
 73706
 73706
 73742
 73764
 73794
 73845
 73852
 73854
 73862
 73867
 73869
 73880
 73885
 73888
 73908
 73911
 73937
 73951
 73951
 73964
 73967
 73976
 73984
 74021
 74041
 74106
 74126
 74128
 74133
 74142
 74153
 74153
 74162
 74169
 74183
 74187
 74217
 74233
 74233
 74233
 74238
 74247
 74256
 74257
 74260
 74260
 74300
 74323
 74326
 74328
 74340
 74342
 74368
 74387
 74388
 74389
 74435
 74436
 74442
 74446
 74451
 74452
 74467
 74472
 74476
 74482
 74494
 74499
 74503
 74505
 74509
 74536
 74538
 74561
 74571
 74588
 74603
 74604
 74611
 74626
 74628
 74635
 74637
 74648
 74650
 74666
 74687
 74689
 74691
 74702
 74703
 74720
 74724
 74727
 74728
 74734
 74755
 74756
 74772
 74780
 74781
 74782
 74784
 74800
 74814
 74826
 74831
 74834
 74844
 74846
 74851
 74874
 74880
 74904
 74908
 74916
 74930
 74941
 74968
 74968
 74972
 74984
 74985
 74992
 75014
 75015
 75019
 75021
 75022
 75043
 75049
 75067
 75068
 75079
 75101
 75111
 75122
 75128
 75138
 75141
 75151
 75182
 75185
 75199
 75204
 75231
 75234
 75235
 75242
 75257
 75284
 75296
 75300
 75303
 75304
 75308
 75309
 75312
 75316
 75317
 75336
 75347
 75373
 75380
 75419
 75424
 75426
 75428
 75452
 75475
 75478
 75485
 75486
 75488
 75492
 75492
 75508
 75512
 75559
 75559
 75570
 75590
 75592
 75600
 75603
 75619
 75644
 75647
 75649
 75686
 75687
 75707
 75727
 75757
 75779
 75781
 75786
 75789
 75795
 75819
 75869
 75873
 75880
 75894
 75901
 75905
 75908
 75915
 75918
 75939
 75950
 75958
 75961
 75967
 75980
 76004
 76017
 76027
 76044
 76052
 76062
 76070
 76105
 76111
 76113
 76118
 76135
 76138
 76159
 76166
 76174
 76190
 76201
 76212
 76212
 76212
 76239
 76245
 76283
 76288
 76338
 76366
 76376
 76421
 76435
 76436
 76460
 76466
 76478
 76519
 76522
 76537
 76539
 76550
 76550
 76561
 76564
 76583
 76597
 76597
 76602
 76605
 76607
 76609
 76618
 76622
 76625
 76639
 76655
 76670
 76685
 76694
 76732
 76733
 76739
 76740
 76750
 76761
 76767
 76767
 76772
 76807
 76809
 76829
 76837
 76840
 76852
 76852
 76865
 76876
 76880
 76885
 76885
 76894
 76902
 76907
 76914
 76918
 76928
 76940
 76945
 76962
 76969
 76976
 76977
 76984
 76991
 77016
 77026
 77031
 77041
 77042
 77045
 77060
 77072
 77089
 77094
 77096
 77105
 77109
 77112
 77120
 77125
 77128
 77136
 77146
 77164
 77189
 77219
 77220
 77223
 77234
 77263
 77278
 77281
 77293
 77296
 77316
 77346
 77364
 77387
 77399
 77412
 77421
 77446
 77447
 77452
 77464
 77471
 77472
 77473
 77479
 77480
 77486
 77490
 77498
 77500
 77505
 77508
 77514
 77516
 77525
 77528
 77531
 77538
 77546
 77548
 77554
 77588
 77597
 77627
 77643
 77653
 77693
 77713
 77726
 77727
 77740
 77745
 77750
 77769
 77773
 77780
 77784
 77846
 77870
 77871
 77881
 77884
 77891
 77905
 77914
 77915
 77948
 77955
 77962
 77985
 77988
 77997
 77997
 78009
 78016
 78017
 78035
 78036
 78042
 78058
 78061
 78122
 78125
 78130
 78140
 78143
 78158
 78159
 78170
 78171
 78171
 78216
 78220
 78230
 78248
 78249
 78250
 78262
 78263
 78276
 78295
 78305
 78319
 78327
 78329
 78371
 78378
 78382
 78383
 78396
 78399
 78399
 78405
 78407
 78408
 78417
 78424
 78429
 78449
 78464
 78464
 78499
 78502
 78509
 78510
 78521
 78524
 78533
 78537
 78547
 78552
 78556
 78565
 78567
 78569
 78570
 78581
 78582
 78586
 78592
 78597
 78597
 78600
 78612
 78612
 78621
 78645
 78648
 78651
 78659
 78665
 78679
 78692
 78694
 78723
 78732
 78733
 78743
 78752
 78784
 78795
 78805
 78838
 78849
 78868
 78875
 78877
 78896
 78908
 78937
 78943
 78947
 78951
 78953
 78962
 78966
 78973
 78974
 79026
 79035
 79041
 79047
 79060
 79061
 79085
 79100
 79121
 79121
 79126
 79127
 79143
 79145
 79156
 79156
 79160
 79173
 79176
 79194
 79232
 79247
 79251
 79255
 79262
 79281
 79283
 79299
 79305
 79319
 79329
 79337
 79352
 79358
 79369
 79373
 79375
 79376
 79387
 79391
 79394
 79398
 79400
 79403
 79405
 79410
 79425
 79444
 79457
 79462
 79472
 79476
 79479
 79501
 79512
 79512
 79514
 79541
 79553
 79562
 79589
 79590
 79595
 79596
 79604
 79605
 79627
 79633
 79657
 79679
 79684
 79684
 79688
 79692
 79694
 79725
 79745
 79759
 79771
 79779
 79791
 79797
 79824
 79827
 79833
 79838
 79840
 79845
 79846
 79847
 79849
 79857
 79857
 79865
 79865
 79866
 79867
 79869
 79874
 79882
 79890
 79899
 79910
 79920
 79932
 79934
 79946
 79946
 79954
 79954
 79964
 79969
 79969
 79981
 80002
 80002
 80004
 80055
 80083
 80084
 80089
 80100
 80104
 80109
 80124
 80139
 80139
 80143
 80173
 80190
 80195
 80206
 80212
 80214
 80215
 80224
 80233
 80254
 80259
 80277
 80311
 80346
 80349
 80382
 80410
 80444
 80461
 80467
 80475
 80477
 80484
 80485
 80492
 80502
 80502
 80515
 80519
 80525
 80547
 80549
 80555
 80556
 80564
 80589
 80611
 80612
 80612
 80617
 80626
 80640
 80642
 80683
 80687
 80697
 80705
 80713
 80721
 80748
 80750
 80767
 80781
 80782
 80785
 80787
 80800
 80801
 80804
 80809
 80848
 80859
 80863
 80867
 80887
 80898
 80899
 80905
 80909
 80914
 80916
 80929
 80954
 80955
 80975
 80984
 80997
 81004
 81005
 81046
 81054
 81061
 81065
 81074
 81074
 81079
 81083
 81089
 81114
 81133
 81144
 81148
 81161
 81162
 81167
 81178
 81187
 81192
 81201
 81212
 81231
 81239
 81242
 81243
 81246
 81250
 81261
 81266
 81273
 81283
 81295
 81302
 81303
 81306
 81306
 81309
 81315
 81316
 81325
 81327
 81328
 81345
 81353
 81368
 81375
 81404
 81423
 81425
 81441
 81455
 81455
 81487
 81497
 81506
 81509
 81515
 81520
 81524
 81525
 81532
 81553
 81564
 81564
 81564
 81570
 81594
 81612
 81616
 81621
 81651
 81656
 81660
 81678
 81682
 81705
 81710
 81711
 81735
 81739
 81744
 81748
 81766
 81780
 81787
 81796
 81809
 81840
 81847
 81853
 81871
 81872
 81875
 81881
 81881
 81883
 81901
 81930
 81932
 81938
 81943
 81943
 81953
 81954
 81957
 81963
 81970
 81989
 82020
 82023
 82031
 82046
 82061
 82061
 82062
 82069
 82074
 82077
 82078
 82098
 82105
 82113
 82141
 82143
 82169
 82170
 82176
 82177
 82199
 82206
 82225
 82238
 82240
 82246
 82260
 82281
 82283
 82284
 82294
 82295
 82312
 82345
 82354
 82360
 82364
 82391
 82399
 82415
 82434
 82438
 82459
 82466
 82469
 82472
 82478
 82488
 82507
 82528
 82529
 82530
 82548
 82553
 82562
 82578
 82580
 82596
 82597
 82601
 82602
 82614
 82619
 82637
 82639
 82644
 82651
 82652
 82665
 82667
 82672
 82688
 82689
 82701
 82712
 82722
 82723
 82729
 82729
 82735
 82749
 82757
 82758
 82771
 82783
 82788
 82826
 82833
 82839
 82851
 82886
 82898
 82907
 82913
 82919
 82921
 82923
 82927
 82935
 82939
 82950
 82950
 82951
 82973
 82989
 82995
 82996
 82998
 83011
 83022
 83024
 83024
 83030
 83039
 83042
 83052
 83055
 83057
 83077
 83080
 83083
 83129
 83130
 83136
 83139
 83158
 83159
 83178
 83184
 83191
 83193
 83193
 83193
 83214
 83220
 83239
 83243
 83256
 83273
 83279
 83301
 83305
 83316
 83317
 83325
 83327
 83341
 83341
 83352
 83357
 83364
 83372
 83375
 83381
 83398
 83402
 83407
 83420
 83429
 83432
 83435
 83435
 83437
 83446
 83447
 83469
 83471
 83472
 83484
 83492
 83498
 83500
 83506
 83514
 83517
 83519
 83524
 83533
 83540
 83543
 83548
 83558
 83560
 83583
 83591
 83603
 83619
 83621
 83622
 83627
 83632
 83636
 83638
 83653
 83655
 83658
 83694
 83704
 83720
 83724
 83734
 83736
 83745
 83747
 83770
 83770
 83787
 83803
 83810
 83819
 83830
 83834
 83837
 83838
 83845
 83846
 83853
 83857
 83858
 83859
 83860
 83861
 83862
 83878
 83880
 83893
 83894
 83898
 83905
 83907
 83908
 83912
 83927
 83945
 83951
 83961
 83962
 83964
 84004
 84006
 84008
 84028
 84029
 84031
 84044
 84050
 84054
 84062
 84068
 84089
 84104
 84105
 84136
 84185
 84208
 84218
 84236
 84242
 84244
 84247
 84261
 84306
 84334
 84353
 84354
 84365
 84381
 84434
 84439
 84440
 84449
 84451
 84473
 84501
 84527
 84532
 84537
 84548
 84550
 84554
 84563
 84576
 84582
 84593
 84598
 84612
 84627
 84641
 84642
 84650
 84685
 84689
 84691
 84694
 84695
 84697
 84699
 84711
 84718
 84733
 84742
 84748
 84748
 84765
 84769
 84778
 84803
 84805
 84822
 84829
 84838
 84850
 84856
 84873
 84880
 84883
 84901
 84931
 84931
 84933
 84936
 84959
 84975
 84977
 84991
 84994
 84994
 85010
 85033
 85035
 85038
 85039
 85053
 85059
 85069
 85077
 85138
 85146
 85156
 85168
 85171
 85178
 85183
 85192
 85202
 85208
 85234
 85247
 85247
 85248
 85267
 85271
 85296
 85328
 85361
 85369
 85381
 85394
 85400
 85414
 85417
 85449
 85454
 85465
 85493
 85500
 85515
 85529
 85530
 85546
 85559
 85573
 85586
 85608
 85608
 85618
 85620
 85680
 85682
 85691
 85693
 85694
 85702
 85707
 85727
 85732
 85740
 85740
 85751
 85753
 85756
 85766
 85771
 85778
 85784
 85784
 85787
 85792
 85803
 85839
 85843
 85887
 85898
 85918
 85918
 85922
 85930
 85938
 85948
 85954
 85955
 85977
 85984
 86016
 86024
 86037
 86039
 86046
 86073
 86100
 86102
 86108
 86109
 86130
 86136
 86139
 86145
 86147
 86158
 86158
 86169
 86177
 86181
 86188
 86191
 86200
 86202
 86209
 86211
 86216
 86220
 86225
 86242
 86244
 86245
 86246
 86253
 86289
 86293
 86294
 86310
 86317
 86337
 86379
 86410
 86411
 86430
 86438
 86441
 86442
 86450
 86473
 86509
 86520
 86524
 86546
 86555
 86557
 86563
 86588
 86589
 86606
 86629
 86631
 86645
 86648
 86661
 86681
 86684
 86694
 86716
 86718
 86732
 86742
 86747
 86764
 86780
 86780
 86789
 86791
 86794
 86804
 86804
 86809
 86813
 86819
 86822
 86825
 86826
 86838
 86845
 86850
 86885
 86903
 86909
 86916
 86923
 86931
 86939
 86946
 86965
 86967
 86974
 86978
 86991
 87003
 87021
 87028
 87029
 87040
 87076
 87080
 87091
 87118
 87119
 87134
 87161
 87167
 87178
 87195
 87196
 87207
 87207
 87230
 87239
 87256
 87259
 87273
 87274
 87303
 87307
 87327
 87334
 87338
 87346
 87358
 87361
 87362
 87381
 87384
 87394
 87429
 87436
 87436
 87440
 87443
 87445
 87450
 87450
 87463
 87476
 87478
 87494
 87496
 87504
 87506
 87512
 87520
 87523
 87543
 87552
 87561
 87584
 87594
 87594
 87602
 87611
 87611
 87613
 87621
 87626
 87637
 87656
 87661
 87672
 87675
 87678
 87700
 87729
 87762
 87767
 87824
 87844
 87853
 87858
 87870
 87887
 87890
 87903
 87905
 87911
 87916
 87917
 87931
 87936
 87938
 87940
 87954
 87956
 87984
 87989
 88001
 88043
 88043
 88079
 88093
 88097
 88104
 88110
 88116
 88118
 88127
 88136
 88137
 88145
 88157
 88159
 88166
 88166
 88188
 88191
 88238
 88259
 88267
 88277
 88278
 88279
 88284
 88292
 88319
 88324
 88329
 88336
 88342
 88343
 88345
 88354
 88356
 88392
 88403
 88408
 88412
 88435
 88439
 88440
 88448
 88451
 88461
 88462
 88479
 88481
 88482
 88483
 88506
 88516
 88535
 88563
 88568
 88572
 88581
 88593
 88594
 88595
 88609
 88613
 88618
 88619
 88629
 88633
 88638
 88643
 88654
 88657
 88664
 88666
 88671
 88715
 88726
 88737
 88748
 88752
 88766
 88788
 88794
 88795
 88809
 88809
 88810
 88814
 88840
 88846
 88853
 88872
 88885
 88888
 88892
 88899
 88907
 88908
 88912
 88934
 88951
 88962
 88978
 88983
 88983
 89009
 89009
 89025
 89033
 89059
 89062
 89064
 89075
 89079
 89104
 89115
 89131
 89138
 89165
 89174
 89174
 89176
 89198
 89206
 89224
 89231
 89247
 89251
 89288
 89292
 89296
 89315
 89320
 89337
 89339
 89364
 89370
 89380
 89383
 89401
 89423
 89443
 89450
 89510
 89517
 89522
 89530
 89537
 89548
 89550
 89553
 89559
 89566
 89571
 89587
 89593
 89594
 89599
 89611
 89620
 89623
 89639
 89650
 89663
 89665
 89671
 89696
 89714
 89721
 89731
 89737
 89743
 89743
 89770
 89772
 89773
 89797
 89811
 89816
 89822
 89836
 89839
 89847
 89863
 89876
 89905
 89935
 89936
 89937
 89961
 89989
 90000
 90010
 90011
 90021
 90030
 90036
 90036
 90039
 90040
 90043
 90047
 90054
 90058
 90085
 90099
 90116
 90126
 90129
 90161
 90189
 90189
 90193
 90199
 90254
 90275
 90288
 90293
 90328
 90339
 90359
 90390
 90396
 90404
 90406
 90420
 90426
 90469
 90472
 90502
 90538
 90546
 90549
 90558
 90563
 90563
 90576
 90579
 90603
 90607
 90618
 90628
 90631
 90667
 90680
 90697
 90700
 90702
 90706
 90709
 90716
 90726
 90734
 90739
 90740
 90741
 90749
 90749
 90753
 90763
 90768
 90771
 90779
 90784
 90786
 90798
 90800
 90800
 90807
 90810
 90862
 90873
 90894
 90899
 90913
 90918
 90922
 90934
 90942
 90955
 90955
 90973
 90973
 90982
 90985
 90994
 91002
 91007
 91029
 91050
 91053
 91054
 91055
 91076
 91096
 91100
 91109
 91126
 91139
 91151
 91167
 91178
 91185
 91190
 91196
 91200
 91224
 91233
 91251
 91263
 91272
 91279
 91282
 91286
 91289
 91304
 91306
 91309
 91328
 91333
 91338
 91358
 91375
 91387
 91397
 91422
 91428
 91428
 91435
 91445
 91462
 91485
 91485
 91486
 91489
 91493
 91505
 91509
 91513
 91518
 91523
 91525
 91533
 91581
 91621
 91623
 91637
 91646
 91667
 91679
 91684
 91690
 91693
 91696
 91709
 91728
 91732
 91733
 91748
 91752
 91755
 91757
 91758
 91767
 91798
 91802
 91839
 91849
 91853
 91854
 91862
 91875
 91876
 91924
 91928
 91929
 91956
 91961
 91965
 91972
 91976
 91976
 91982
 92007
 92008
 92014
 92022
 92039
 92055
 92064
 92072
 92072
 92076
 92098
 92117
 92127
 92149
 92169
 92175
 92182
 92184
 92204
 92205
 92206
 92207
 92213
 92216
 92218
 92226
 92235
 92239
 92253
 92268
 92279
 92279
 92281
 92297
 92323
 92347
 92360
 92365
 92379
 92380
 92383
 92393
 92398
 92402
 92404
 92419
 92429
 92445
 92451
 92472
 92482
 92488
 92492
 92492
 92492
 92496
 92497
 92498
 92518
 92529
 92536
 92566
 92573
 92574
 92588
 92605
 92637
 92643
 92655
 92655
 92697
 92705
 92708
 92733
 92738
 92740
 92761
 92765
 92782
 92790
 92794
 92796
 92801
 92806
 92817
 92820
 92821
 92882
 92892
 92904
 92924
 92940
 92953
 92977
 92979
 92981
 92998
 93017
 93020
 93024
 93035
 93046
 93057
 93063
 93063
 93074
 93075
 93082
 93092
 93128
 93129
 93133
 93136
 93137
 93139
 93152
 93178
 93204
 93208
 93209
 93217
 93220
 93227
 93257
 93278
 93302
 93323
 93326
 93352
 93353
 93353
 93370
 93393
 93396
 93401
 93405
 93408
 93410
 93414
 93414
 93429
 93441
 93446
 93458
 93468
 93468
 93487
 93491
 93492
 93496
 93501
 93501
 93525
 93543
 93545
 93557
 93560
 93575
 93600
 93622
 93673
 93687
 93692
 93693
 93698
 93710
 93729
 93729
 93732
 93739
 93754
 93775
 93777
 93777
 93784
 93820
 93838
 93843
 93846
 93853
 93859
 93867
 93881
 93881
 93912
 93919
 93922
 93938
 93940
 93954
 93958
 93970
 93975
 93982
 93992
 93996
 93997
 94001
 94033
 94041
 94064
 94069
 94072
 94088
 94111
 94114
 94115
 94130
 94159
 94175
 94199
 94202
 94222
 94233
 94235
 94236
 94248
 94301
 94312
 94312
 94313
 94318
 94319
 94321
 94340
 94355
 94375
 94394
 94406
 94406
 94415
 94415
 94416
 94435
 94460
 94476
 94493
 94510
 94519
 94522
 94526
 94528
 94530
 94533
 94535
 94535
 94538
 94543
 94543
 94550
 94562
 94586
 94594
 94598
 94602
 94604
 94630
 94638
 94638
 94643
 94647
 94656
 94666
 94668
 94670
 94681
 94685
 94690
 94704
 94710
 94720
 94721
 94724
 94737
 94748
 94761
 94768
 94769
 94791
 94815
 94890
 94894
 94912
 94913
 94914
 94921
 94922
 94941
 94960
 94980
 94982
 94992
 94998
 95022
 95031
 95037
 95040
 95050
 95050
 95072
 95080
 95088
 95156
 95158
 95171
 95176
 95192
 95198
 95203
 95211
 95214
 95228
 95230
 95232
 95247
 95258
 95260
 95261
 95261
 95276
 95277
 95279
 95281
 95281
 95284
 95320
 95323
 95339
 95344
 95344
 95364
 95366
 95368
 95379
 95387
 95410
 95419
 95421
 95442
 95452
 95454
 95456
 95465
 95474
 95475
 95477
 95484
 95521
 95526
 95546
 95550
 95555
 95555
 95556
 95558
 95565
 95566
 95582
 95607
 95609
 95618
 95649
 95683
 95691
 95696
 95696
 95699
 95701
 95704
 95709
 95710
 95727
 95737
 95764
 95768
 95773
 95782
 95789
 95793
 95803
 95803
 95807
 95813
 95820
 95820
 95833
 95840
 95844
 95861
 95870
 95871
 95883
 95884
 95885
 95891
 95908
 95942
 95947
 95961
 95971
 95974
 95978
 95981
 95995
 96005
 96014
 96046
 96046
 96049
 96059
 96061
 96066
 96076
 96077
 96079
 96112
 96139
 96140
 96142
 96152
 96156
 96176
 96191
 96194
 96197
 96229
 96230
 96234
 96250
 96252
 96264
 96266
 96274
 96277
 96287
 96294
 96316
 96323
 96325
 96341
 96360
 96375
 96389
 96403
 96406
 96416
 96422
 96436
 96438
 96443
 96462
 96465
 96482
 96484
 96502
 96510
 96516
 96527
 96546
 96550
 96565
 96568
 96572
 96588
 96588
 96594
 96599
 96603
 96612
 96615
 96619
 96639
 96645
 96647
 96659
 96669
 96676
 96679
 96716
 96717
 96726
 96746
 96753
 96755
 96760
 96761
 96762
 96773
 96786
 96790
 96796
 96806
 96820
 96832
 96836
 96845
 96856
 96869
 96873
 96897
 96898
 96927
 96966
 96972
 96980
 96982
 96992
 97004
 97038
 97041
 97059
 97096
 97099
 97115
 97120
 97128
 97131
 97147
 97153
 97156
 97159
 97161
 97184
 97187
 97188
 97192
 97207
 97209
 97242
 97253
 97258
 97261
 97272
 97274
 97274
 97278
 97283
 97283
 97287
 97287
 97290
 97292
 97294
 97297
 97323
 97348
 97353
 97377
 97383
 97385
 97393
 97422
 97436
 97442
 97480
 97481
 97483
 97500
 97514
 97518
 97522
 97538
 97570
 97579
 97584
 97587
 97592
 97603
 97625
 97654
 97687
 97714
 97715
 97717
 97727
 97758
 97776
 97785
 97790
 97795
 97795
 97796
 97801
 97805
 97807
 97809
 97825
 97829
 97836
 97851
 97866
 97876
 97899
 97910
 97923
 97930
 97937
 97948
 97957
 97959
 97960
 97974
 97982
 98024
 98033
 98036
 98051
 98052
 98054
 98066
 98092
 98096
 98100
 98104
 98109
 98110
 98121
 98124
 98131
 98151
 98153
 98180
 98186
 98188
 98189
 98235
 98275
 98279
 98280
 98293
 98299
 98314
 98322
 98339
 98353
 98357
 98372
 98379
 98387
 98395
 98407
 98414
 98419
 98441
 98442
 98479
 98488
 98502
 98514
 98525
 98533
 98548
 98549
 98560
 98563
 98577
 98592
 98600
 98607
 98622
 98629
 98632
 98633
 98665
 98675
 98757
 98761
 98763
 98782
 98782
 98807
 98829
 98838
 98851
 98855
 98859
 98891
 98912
 98919
 98930
 98946
 98955
 98972
 98992
 99008
 99010
 99013
 99025
 99038
 99046
 99047
 99057
 99074
 99075
 99075
 99083
 99084
 99098
 99101
 99110
 99115
 99118
 99119
 99143
 99157
 99172
 99180
 99216
 99220
 99221
 99224
 99225
 99239
 99244
 99257
 99276
 99279
 99283
 99295
 99305
 99313
 99322
 99324
 99376
 99378
 99397
 99408
 99411
 99413
 99413
 99414
 99422
 99430
 99432
 99438
 99439
 99449
 99472
 99473
 99473
 99476
 99496
 99497
 99513
 99515
 99544
 99547
 99569
 99579
 99587
 99589
 99590
 99593
 99606
 99619
 99624
 99633
 99639
 99645
 99654
 99656
 99663
 99665
 99666
 99671
 99672
 99693
 99704
 99706
 99720
 99726
 99731
 99733
 99744
 99747
 99747
 99766
 99791
 99800
 99804
 99808
 99821
 99821
 99834
 99854
 99874
 99878
 99879
 99883
 99899
 99919
 99931
 99949
 99964
 99968
 99971
 99975
